<?xml version="1.0" encoding="UTF-8" standalone="no" ?>
<SimscapeMultibodyImportXML version="2.0" xmlns="urn:mathworks:SimscapeMultibody:import" xmlns:xsi="http://www.w3.org/2001/XMLSchema-instance">
<Created by="" on="08/12/23||16:09:59" using="Simscape Multibody Link Version 7.4" from="SolidWorks 31.2.1"/>
<ModelUnits mass="kilogram" length="millimeter"/>
<DataUnits mass="kilogram" length="meter"/>
<RootAssembly name="Robotic Arm" uid="Robotic Arm" version="204">
<AssemblyFile name="Robotic Arm.SLDASM" type="SolidWorks Assembly"/>
<InstanceTree>
<Instance name="Part7-1" uid="Part7-1" entityUid="Part7*:*Default">
<Transform>
<Rotation>-0.16776350837226559 -0.65688504259221836 0.73509009385057578 -0.9840204023758109 0.15670587887199208 -0.084540612933096337 -0.059659475079620404 -0.73752647975891439 -0.67267781194837095</Rotation>
<Translation>-0.27712743550552088 0.40913018815789531 0.22157488436156986</Translation>
</Transform>
</Instance>
<Instance name="Part4-1" uid="Part4-1" entityUid="Part4*:*Default">
<Transform>
<Rotation>0.18873451347800604 -0.84214296179947923 -0.50514801327316072 -1.4268100589909238e-16 -0.51439260097887129 0.85755480994405942 -0.9820281479785703 -0.16185018983551597 -0.097083637282433521</Rotation>
<Translation>0.082652378433483178 0.7119381030959625 0.29584177565202024</Translation>
</Transform>
</Instance>
<Instance name="Part6-1" uid="Part6-1" entityUid="Part6*:*Default">
<Transform>
<Rotation>0.17057088958961952 0.97095879257733431 -0.16776350837226517 0.030630674246895639 -0.17540128136170366 -0.9840204023758109 -0.98486919609651014 0.16270652603211022 -0.059659475079620383</Rotation>
<Translation>-0.26840373307016396 0.46029924908143793 0.22467717706570917</Translation>
</Transform>
</Instance>
<Instance name="Part1-1" uid="Part1-1" grounded="true" entityUid="Part1*:*Default">
<Transform>
<Rotation>1 0 0 0 1 0 0 0 1</Rotation>
<Translation>0.20451133588102274 0.11933977035853277 0.29074924448222073</Translation>
</Transform>
</Instance>
<Instance name="Part3-1" uid="Part3-1" entityUid="Part3*:*Default">
<Transform>
<Rotation>-0.087799517504655991 0.18873451347800579 0.97809535739015252 -0.99599523639265031 -1.7833736305897462e-16 -0.089406314559704367 -0.016874057280287177 -0.98202814797857008 0.18797867636697826</Rotation>
<Translation>0.060981803953797493 0.36333977035853321 0.24279850450094842</Translation>
</Transform>
</Instance>
<Instance name="Part2-1" uid="Part2-1" entityUid="Part2*:*Default">
<Transform>
<Rotation>0.98202814797856997 0 -0.18873451347800688 0 1 0 0.18873451347800688 0 0.98202814797856997</Rotation>
<Translation>0.20451133588102277 0.20333977035853276 0.29074924448222073</Translation>
</Transform>
</Instance>
<Instance name="Part5-2" uid="Part5-2" entityUid="Part5*:*Default">
<Transform>
<Rotation>-0.84214296179947978 0.51156700784570375 -0.17057088958961786 -0.51439260097887085 -0.85700759264628035 -0.030630674246896306 -0.16185018983551408 0.061944996815086868 0.98486919609651047</Rotation>
<Translation>-0.14556836421417563 0.57253770823068839 0.25198037420659541</Translation>
</Transform>
</Instance>
</InstanceTree>
<Constraints>
<Concentric name="Concentric1">
<ConstraintGeometry geomType="cylinder">
<InstancePath>
<Uid>Part1-1</Uid>
</InstancePath>
<Position>0 0.10399999999999998 0</Position>
<Axis>0 -1 0</Axis>
</ConstraintGeometry>
<ConstraintGeometry geomType="cylinder">
<InstancePath>
<Uid>Part2-1</Uid>
</InstancePath>
<Position>0 0.01999999999999999 0</Position>
<Axis>0 -1 0</Axis>
</ConstraintGeometry>
</Concentric>
<Coincident name="Coincident1">
<ConstraintGeometry geomType="plane">
<InstancePath>
<Uid>Part1-1</Uid>
</InstancePath>
<Position>0 0.083999999999999991 0</Position>
<Axis>0 1 0</Axis>
</ConstraintGeometry>
<ConstraintGeometry geomType="plane">
<InstancePath>
<Uid>Part2-1</Uid>
</InstancePath>
<Position>0 0 0</Position>
<Axis>0 -1 0</Axis>
</ConstraintGeometry>
</Coincident>
<Parallel name="Parallel2">
<ConstraintGeometry geomType="plane">
<InstancePath>
<Uid>Part2-1</Uid>
</InstancePath>
<Position>-0.077499999999999958 0.086999999999999994 -0.020000000000000018</Position>
<Axis>0 0 -1</Axis>
</ConstraintGeometry>
<ConstraintGeometry geomType="plane">
<InstancePath>
<Uid>Part3-1</Uid>
</InstancePath>
<Position>0 0 0</Position>
<Axis>0 -1.0000000000000002 0</Axis>
</ConstraintGeometry>
</Parallel>
<Concentric name="Concentric4">
<ConstraintGeometry geomType="cylinder">
<InstancePath>
<Uid>Part2-1</Uid>
</InstancePath>
<Position>-0.14999999999999999 0.15999999999999995 0</Position>
<Axis>0 0 -1</Axis>
</ConstraintGeometry>
<ConstraintGeometry geomType="cylinder">
<InstancePath>
<Uid>Part3-1</Uid>
</InstancePath>
<Position>0 -0.01999999999999999 0</Position>
<Axis>0 1.0000000000000002 0</Axis>
</ConstraintGeometry>
</Concentric>
<Coincident name="Coincident7">
<ConstraintGeometry geomType="plane">
<InstancePath>
<Uid>Part2-1</Uid>
</InstancePath>
<Position>-0.077499999999999958 0.086999999999999994 -0.020000000000000018</Position>
<Axis>0 0 -1</Axis>
</ConstraintGeometry>
<ConstraintGeometry geomType="plane">
<InstancePath>
<Uid>Part3-1</Uid>
</InstancePath>
<Position>0 0 0</Position>
<Axis>0 -1.0000000000000002 0</Axis>
</ConstraintGeometry>
</Coincident>
<Parallel name="Parallel4">
<ConstraintGeometry geomType="plane">
<InstancePath>
<Uid>Part3-1</Uid>
</InstancePath>
<Position>0 0 0</Position>
<Axis>0 -1.0000000000000002 0</Axis>
</ConstraintGeometry>
<ConstraintGeometry geomType="plane">
<InstancePath>
<Uid>Part4-1</Uid>
</InstancePath>
<Position>0.048000000000000043 0 -1.1102230246251565e-16</Position>
<Axis>1.0000000000000002 1.1102230246251565e-16 -1.3877787807814457e-16</Axis>
</ConstraintGeometry>
</Parallel>
<Concentric name="Concentric5">
<ConstraintGeometry geomType="cylinder">
<InstancePath>
<Uid>Part3-1</Uid>
</InstancePath>
<Position>-0.35000000000000003 -0.020000000000000018 0</Position>
<Axis>0 1.0000000000000002 0</Axis>
</ConstraintGeometry>
<ConstraintGeometry geomType="cylinder">
<InstancePath>
<Uid>Part4-1</Uid>
</InstancePath>
<Position>0.028000000000000025 0 0</Position>
<Axis>1.0000000000000002 1.1102230246251565e-16 -1.3877787807814457e-16</Axis>
</ConstraintGeometry>
</Concentric>
<Coincident name="Coincident10">
<ConstraintGeometry geomType="plane">
<InstancePath>
<Uid>Part3-1</Uid>
</InstancePath>
<Position>0 0 0</Position>
<Axis>0 -1.0000000000000002 0</Axis>
</ConstraintGeometry>
<ConstraintGeometry geomType="plane">
<InstancePath>
<Uid>Part4-1</Uid>
</InstancePath>
<Position>0.048000000000000043 0 -1.1102230246251565e-16</Position>
<Axis>1.0000000000000002 1.1102230246251565e-16 -1.3877787807814457e-16</Axis>
</ConstraintGeometry>
</Coincident>
<Parallel name="Parallel5">
<ConstraintGeometry geomType="plane">
<InstancePath>
<Uid>Part4-1</Uid>
</InstancePath>
<Position>0 0.27100000000000002 -1.1102230246251565e-16</Position>
<Axis>1.1102230246251565e-16 1 0</Axis>
</ConstraintGeometry>
<ConstraintGeometry geomType="plane">
<InstancePath>
<Uid>Part5-2</Uid>
</InstancePath>
<Position>0 0 0</Position>
<Axis>-1.0000000000000002 0 0</Axis>
</ConstraintGeometry>
</Parallel>
<Concentric name="Concentric7">
<ConstraintGeometry geomType="cylinder">
<InstancePath>
<Uid>Part4-1</Uid>
</InstancePath>
<Position>0 0.251 -1.1102230246251565e-16</Position>
<Axis>1.1102230246251565e-16 1 0</Axis>
</ConstraintGeometry>
<ConstraintGeometry geomType="cylinder">
<InstancePath>
<Uid>Part5-2</Uid>
</InstancePath>
<Position>-0.019999999999999962 0 0</Position>
<Axis>1.0000000000000002 0 0</Axis>
</ConstraintGeometry>
</Concentric>
<Coincident name="Coincident15">
<ConstraintGeometry geomType="plane">
<InstancePath>
<Uid>Part4-1</Uid>
</InstancePath>
<Position>0 0.27100000000000002 -1.1102230246251565e-16</Position>
<Axis>1.1102230246251565e-16 1 0</Axis>
</ConstraintGeometry>
<ConstraintGeometry geomType="plane">
<InstancePath>
<Uid>Part5-2</Uid>
</InstancePath>
<Position>0 0 0</Position>
<Axis>-1.0000000000000002 0 0</Axis>
</ConstraintGeometry>
</Coincident>
<Concentric name="Concentric8">
<ConstraintGeometry geomType="cylinder">
<InstancePath>
<Uid>Part5-2</Uid>
</InstancePath>
<Position>0.13800000000000009 0 -0.022499999999999992</Position>
<Axis>0 -1.7347234759768071e-16 1.0000000000000002</Axis>
</ConstraintGeometry>
<ConstraintGeometry geomType="cylinder">
<InstancePath>
<Uid>Part6-1</Uid>
</InstancePath>
<Position>0.01999999999999999 0 -0.041999999999999982</Position>
<Axis>-1 1.1102230246251565e-16 0</Axis>
</ConstraintGeometry>
</Concentric>
<Coincident name="Coincident16">
<ConstraintGeometry geomType="plane">
<InstancePath>
<Uid>Part5-2</Uid>
</InstancePath>
<Position>0.028000000000000025 0 -0.012499999999999983</Position>
<Axis>0 -1.7347234759768071e-16 1.0000000000000002</Axis>
</ConstraintGeometry>
<ConstraintGeometry geomType="plane">
<InstancePath>
<Uid>Part6-1</Uid>
</InstancePath>
<Position>0.010000000000000009 0.020000000000000073 -0.042000000000000037</Position>
<Axis>1 -1.1102230246251565e-16 0</Axis>
</ConstraintGeometry>
</Coincident>
<Coincident name="Coincident18">
<ConstraintGeometry geomType="plane">
<InstancePath>
<Uid>Part6-1</Uid>
</InstancePath>
<Position>0 0 0.052000000000000046</Position>
<Axis>0 0 0.99999999999999989</Axis>
</ConstraintGeometry>
<ConstraintGeometry geomType="plane">
<InstancePath>
<Uid>Part7-1</Uid>
</InstancePath>
<Position>0 0 0</Position>
<Axis>-1 0 0</Axis>
</ConstraintGeometry>
</Coincident>
<Concentric name="Concentric9">
<ConstraintGeometry geomType="cylinder">
<InstancePath>
<Uid>Part6-1</Uid>
</InstancePath>
<Position>0 0 0.062</Position>
<Axis>0 0 -0.99999999999999989</Axis>
</ConstraintGeometry>
<ConstraintGeometry geomType="cylinder">
<InstancePath>
<Uid>Part7-1</Uid>
</InstancePath>
<Position>0.01000000000000012 0 0</Position>
<Axis>-1 0 0</Axis>
</ConstraintGeometry>
</Concentric>
</Constraints>
</RootAssembly>
<Assemblies>
</Assemblies>
<Parts>
<Part name="Part1" uid="Part1*:*Default" version="189">
<ModelUnits mass="kilogram" length="millimeter"/>
<PartFile name="Part1.SLDPRT" type="SolidWorks Part"/>
<MassProperties>
<Mass>5.7733804004223064</Mass>
<CenterOfMass>0.0014254692419576808 0.038706971743212373 -0.0014254692419576999</CenterOfMass>
<Inertia>0.036516475982507166 0.066676024013821597 0.036516475982507138 4.1304196290088658e-05 -0.00079966379281698799 -4.1304196290091253e-05</Inertia>
</MassProperties>
<GeometryFile name="Part1_Default_sldprt.STEP" type="STEP"/>
<VisualProperties>
<Ambient r="0.792156862745098" g="0.81960784313725488" b="0.93333333333333335" a="1"/>
<Diffuse r="0.792156862745098" g="0.81960784313725488" b="0.93333333333333335" a="1"/>
<Specular r="0.396078431372549" g="0.40980392156862744" b="0.46666666666666667" a="1"/>
<Emissive r="0" g="0" b="0" a="1"/>
<Shininess>0.3125</Shininess>
</VisualProperties>
</Part>
<Part name="Part2" uid="Part2*:*Default" version="257">
<ModelUnits mass="kilogram" length="millimeter"/>
<PartFile name="Part2.SLDPRT" type="SolidWorks Part"/>
<MassProperties>
<Mass>2.3135966424378158</Mass>
<CenterOfMass>-0.05688751233244739 0.082698258258850174 0.0027686647032847829</CenterOfMass>
<Inertia>0.011950161206047446 0.016261416106836346 0.023776936473929994 -0.00041622079839418477 0.00047511595388530963 0.0090729582455048845</Inertia>
</MassProperties>
<GeometryFile name="Part2_Default_sldprt.STEP" type="STEP"/>
<VisualProperties>
<Ambient r="0.72941176470588232" g="0.35686274509803922" b="0.023529411764705882" a="1"/>
<Diffuse r="0.72941176470588232" g="0.35686274509803922" b="0.023529411764705882" a="1"/>
<Specular r="0.36470588235294116" g="0.17843137254901961" b="0.011764705882352941" a="1"/>
<Emissive r="0" g="0" b="0" a="1"/>
<Shininess>0.3125</Shininess>
</VisualProperties>
</Part>
<Part name="Part3" uid="Part3*:*Default" version="180">
<ModelUnits mass="kilogram" length="millimeter"/>
<PartFile name="Part3.SLDPRT" type="SolidWorks Part"/>
<MassProperties>
<Mass>0.91666588591450215</Mass>
<CenterOfMass>-0.14015338629794682 0.015368439268031869 0.0081015865860390793</CenterOfMass>
<Inertia>0.00061250941887510931 0.01791098458735526 0.017578870814551839 3.1511810741513946e-05 0.00017318018151769252 -7.7964487880647937e-05</Inertia>
</MassProperties>
<GeometryFile name="Part3_Default_sldprt.STEP" type="STEP"/>
<VisualProperties>
<Ambient r="0.6470588235294118" g="0.61960784313725492" b="0.58823529411764708" a="1"/>
<Diffuse r="0.6470588235294118" g="0.61960784313725492" b="0.58823529411764708" a="1"/>
<Specular r="0.45294117647058824" g="0.43372549019607842" b="0.41176470588235292" a="1"/>
<Emissive r="0" g="0" b="0" a="1"/>
<Shininess>0.3125</Shininess>
</VisualProperties>
</Part>
<Part name="Part4" uid="Part4*:*Default" version="203">
<ModelUnits mass="kilogram" length="millimeter"/>
<PartFile name="Part4.SLDPRT" type="SolidWorks Part"/>
<MassProperties>
<Mass>1.2879972308915255</Mass>
<CenterOfMass>0.0016921461873155685 0.077879521743743713 1.066344790304724e-08</CenterOfMass>
<Inertia>0.0073284057427472496 0.0013228456759614372 0.0073664861229782346 1.7364540171056409e-09 -2.7487516949403619e-11 0.00020291146797355944</Inertia>
</MassProperties>
<GeometryFile name="Part4_Default_sldprt.STEP" type="STEP"/>
<VisualProperties>
<Ambient r="0.792156862745098" g="0.81960784313725488" b="0.93333333333333335" a="1"/>
<Diffuse r="0.792156862745098" g="0.81960784313725488" b="0.93333333333333335" a="1"/>
<Specular r="0.396078431372549" g="0.40980392156862744" b="0.46666666666666667" a="1"/>
<Emissive r="0" g="0" b="0" a="1"/>
<Shininess>0.3125</Shininess>
</VisualProperties>
</Part>
<Part name="Part5" uid="Part5*:*Default" version="177">
<ModelUnits mass="kilogram" length="millimeter"/>
<PartFile name="Part5.SLDPRT" type="SolidWorks Part"/>
<MassProperties>
<Mass>0.50777251251972344</Mass>
<CenterOfMass>0.09020393591734506 0 0.00010827264194550909</CenterOfMass>
<Inertia>0.00046829847665028925 0.0016836165928671861 0.0015060108745641356 -4.2646535605179449e-11 -2.6277258663698687e-06 0</Inertia>
</MassProperties>
<GeometryFile name="Part5_Default_sldprt.STEP" type="STEP"/>
<VisualProperties>
<Ambient r="1" g="0.61568627450980395" b="0.36470588235294116" a="1"/>
<Diffuse r="1" g="0.61568627450980395" b="0.36470588235294116" a="1"/>
<Specular r="0.5" g="0.30784313725490198" b="0.18235294117647058" a="1"/>
<Emissive r="0" g="0" b="0" a="1"/>
<Shininess>0.3125</Shininess>
</VisualProperties>
</Part>
<Part name="Part6" uid="Part6*:*Default" version="177">
<ModelUnits mass="kilogram" length="millimeter"/>
<PartFile name="Part6.SLDPRT" type="SolidWorks Part"/>
<MassProperties>
<Mass>0.31442796662673816</Mass>
<CenterOfMass>0.0001498718142326933 0 0.018071688269718583</CenterOfMass>
<Inertia>0.00031793627193098961 0.00031438594981667153 0.00022109998579775532 0 2.8308116183532696e-06 0</Inertia>
</MassProperties>
<GeometryFile name="Part6_Default_sldprt.STEP" type="STEP"/>
<VisualProperties>
<Ambient r="0.792156862745098" g="0.81960784313725488" b="0.93333333333333335" a="1"/>
<Diffuse r="0.792156862745098" g="0.81960784313725488" b="0.93333333333333335" a="1"/>
<Specular r="0.396078431372549" g="0.40980392156862744" b="0.46666666666666667" a="1"/>
<Emissive r="0" g="0" b="0" a="1"/>
<Shininess>0.3125</Shininess>
</VisualProperties>
</Part>
<Part name="Part7" uid="Part7*:*Default" version="185">
<ModelUnits mass="kilogram" length="millimeter"/>
<PartFile name="Part7.SLDPRT" type="SolidWorks Part"/>
<MassProperties>
<Mass>0.076423624305598681</Mass>
<CenterOfMass>0.016284598832713822 0 0</CenterOfMass>
<Inertia>4.0168677852910086e-05 3.8067027670383047e-05 3.2004803198565662e-05 0 0 0</Inertia>
</MassProperties>
<GeometryFile name="Part7_Default_sldprt.STEP" type="STEP"/>
<VisualProperties>
<Ambient r="0.792156862745098" g="0.81960784313725488" b="0.93333333333333335" a="1"/>
<Diffuse r="0.792156862745098" g="0.81960784313725488" b="0.93333333333333335" a="1"/>
<Specular r="0.396078431372549" g="0.40980392156862744" b="0.46666666666666667" a="1"/>
<Emissive r="0" g="0" b="0" a="1"/>
<Shininess>0.3125</Shininess>
</VisualProperties>
</Part>
</Parts>
</SimscapeMultibodyImportXML>
